"EntrezID_Human"	"concatenated_values"
1742	111
815	111
9118	111
6711	111
816	111
1740	111
2904	111
4905	111
2902	111
10458	111
8927	111
6854	111
291	111
4741	111
1741	111
9456	111
2752	111
2891	111
8831	111
5413	111
4747	111
50944	111
1267	111
11113	111
5339	111
6853	111
2890	111
3312	111
2782	111
9229	111
5582	111
4130	111
2746	111
226	111
87	111
1213	111
548596	111
2903	101
160	111
4644	111
6857	111
817	111
2775	111
1501	111
85358	111
1739	111
2597	111
80725	111
6812	111
5354	111
2892	111
1759	111
22895	111
118	111
5499	111
11346	111
8997	111
830	111
57554	111
22941	111
1499	111
4155	111
832	111
1917	111
10989	111
4133	111
523	111
478	111
4340	111
1808	111
26999	111
84687	111
989	111
7534	111
22999	111
5813	111
1778	111
287	111
4628	111
5518	111
9922	111
23096	111
4131	111
29767	111
119	111
7419	111
7417	111
2697	111
11331	111
79751	111
1072	111
81855	111
526	111
498	111
7846	111
7416	111
81	111
818	111
23136	111
56899	111
163	111
4627	111
7533	111
5501	111
7529	111
161	111
23114	111
4744	111
1627	111
23499	111
8936	111
1496	111
7143	111
3326	111
3983	111
10971	111
5879	111
9211	111
1400	111
5577	111
292	111
27445	111
4191	111
1173	111
399687	111
5214	111
5245	111
2670	111
6616	111
230	111
506	111
4637	111
2550	111
3309	111
477	111
6506	111
9114	111
10383	111
5250	111
481	111
88	111
476	111
10093	111
9201	111
4135	111
1272	111
57524	111
8867	111
1000	111
22866	111
7531	111
6507	111
5478	111
7532	111
10787	111
9228	111
5579	111
5530	111
5594	111
2893	111
6188	111
7385	111
8802	111
38	111
8508	111
2781	111
63827	111
4719	111
8604	111
5213	111
7001	111
6136	111
22839	111
1654	111
3796	111
6709	111
10109	111
11076	111
1639	111
1915	111
10243	111
11069	111
116986	111
1938	111
5802	111
23312	111
288	111
23122	111
8506	111
3313	111
10006	111
28964	111
50488	111
10294	111
2036	111
23025	111
23788	111
22859	111
7167	111
4137	111
23157	111
6202	111
6900	111
23176	111
535	111
529	111
391	111
10097	111
3098	111
2011	111
1152	111
1404	111
5052	111
7170	111
259217	111
140735	111
7070	111
2554	111
8803	111
112755	111
6804	111
8655	111
23085	111
162	111
3301	111
29114	111
221692	111
5864	111
57596	101
4684	111
3329	111
8470	111
57555	111
5093	101
9568	111
57468	111
23236	111
79012	111
7082	111
781	111
2932	111
55752	111
8473	111
5138	111
63908	111
8541	111
4735	111
55964	111
26059	111
10094	111
4355	111
1463	111
23345	101
9378	111
23237	101
23335	111
26052	111
6252	111
58512	111
53616	111
2783	111
2806	111
3728	111
6175	111
6130	111
6844	111
257194	111
509	111
4722	111
286	111
1431	111
84448	111
2596	111
1462	111
2771	111
5479	111
7345	111
8825	111
29993	111
1653	111
528	111
54332	111
1537	111
5160	111
4704	111
4697	111
10096	111
80863	111
79784	111
3897	111
5223	111
6124	111
3419	111
5211	111
7277	111
6710	111
51606	111
7086	111
84303	111
1937	111
488	111
1737	111
5500	111
10369	111
11034	111
1540	111
3845	111
10121	111
23154	111
9829	111
10570	111
8671	111
10890	111
60	111
8514	111
10580	101
729956	101
2934	111
10409	111
5814	111
1785	111
23603	111
7317	111
6456	111
5578	111
2913	111
58513	111
5581	111
192111	111
1500	111
5297	111
9218	111
6128	111
4736	111
4646	111
3927	111
9900	111
10439	111
2664	111
2023	111
50	111
1175	111
6135	111
8613	111
55915	111
3945	111
6132	111
5094	111
2820	111
50863	111
3030	111
10681	111
10313	111
22948	111
8774	111
78997	111
10211	111
120	111
2631	111
57142	111
908	111
10314	111
5064	111
7384	111
273	111
9143	111
4720	111
491	111
10381	111
23362	111
8402	111
2776	111
8078	111
5162	111
6624	111
7284	111
482	111
54927	111
7447	111
6950	111
5803	111
2026	111
156	111
1738	111
1666	111
1607	101
2823	111
10982	111
7168	111
577	101
1457	111
7431	111
23191	111
274	111
7461	111
80728	101
150726	101
54413	111
26232	101
2017	111
10575	111
9892	111
9793	111
3800	111
22848	111
9181	111
26986	111
4976	111
8573	111
10694	111
1487	111
55607	101
8502	111
27020	111
777	101
801	111
3799	111
3737	111
84251	111
10049	101
10165	101
9045	111
22924	111
1650	111
94081	111
94097	111
6208	111
6189	111
6133	111
4134	111
116988	111
6156	111
10529	111
6129	111
93185	111
10808	111
286205	111
10382	111
22979	111
549	111
25824	111
5414	111
10476	111
10552	111
9217	111
2821	111
51382	111
4967	111
4723	111
10540	111
10574	111
3306	111
5315	111
9369	111
1780	111
8775	111
10801	111
539	111
3032	111
6184	111
57030	111
47	111
8745	111
3708	111
51143	111
9868	111
55737	111
27044	111
10576	111
51517	101
23305	111
2185	101
55210	111
5604	111
4705	111
4729	111
5898	111
84833	111
51286	111
490	111
51097	111
11151	111
51164	111
1974	111
9475	111
3778	111
6453	111
1191	111
2898	111
145773	101
5906	111
387104	111
3320	111
3190	111
4763	111
5058	111
576	101
7204	111
7087	111
7203	111
25791	101
84446	111
998	111
10059	111
26960	101
5573	111
51552	111
10399	111
1020	111
2915	111
2037	111
10056	111
6712	111
103910	111
6223	111
10368	101
4884	111
23349	111
8537	111
2879	111
54205	111
127833	111
8396	111
622	111
4974	111
9554	111
5217	111
348	111
829	111
6137	111
51678	111
9066	111
5825	101
6125	111
23284	111
6152	111
1465	111
3939	111
10947	111
6855	111
4695	111
10970	111
3295	111
7415	111
2039	101
2319	111
6122	111
4045	111
3420	111
9495	111
3421	111
26227	111
22902	111
60412	111
1804	111
2770	111
2778	111
6000	111
55288	101
7386	111
7280	111
54769	111
1329	111
9578	111
4685	111
55690	111
10131	111
3181	111
1655	111
2058	111
6217	111
134957	111
6207	111
203068	111
6520	111
3304	111
6421	111
8120	111
347733	111
10487	111
515	111
10672	111
55379	101
4715	111
6714	111
1936	111
1743	111
51144	111
388419	111
55177	111
10391	111
6543	111
22824	101
153090	111
8874	111
3895	111
283638	101
30011	101
9455	101
26037	111
667	111
8525	101
5789	111
10612	111
9454	111
9693	111
5567	111
6305	111
2043	111
5532	111
29888	111
3954	111
4670	111
3761	101
3831	111
773	111
4035	111
57584	101
9253	111
2911	111
9615	111
8239	111
3265	111
3837	111
388	111
83660	111
5576	111
2193	111
9908	101
10486	111
493	111
3921	111
63916	111
784	111
1837	111
9349	111
84966	111
575	101
4099	111
5091	111
1453	111
28988	111
8618	111
4259	111
1809	111
1795	111
6185	111
64601	111
166614	111
6193	111
9694	111
6194	111
29	101
8943	111
26056	111
8522	111
5019	111
6222	111
1783	111
6262	111
1832	111
22884	111
7915	111
56896	111
6230	111
7184	111
55832	111
9588	111
9362	111
5662	101
8499	111
133121	111
56904	111
5870	111
4629	101
57465	111
79789	101
9093	111
4513	111
1212	111
4716	111
6389	111
682	111
2194	111
10273	101
521	111
51495	111
5781	111
534	111
8224	111
59283	111
146691	111
23265	111
389813	101
2744	111
6558	111
1012	111
6169	101
6143	111
9551	111
11021	111
11345	111
55847	111
5834	111
4714	111
5878	111
23396	111
10768	111
23770	111
2534	111
1327	111
3069	101
5305	111
9131	111
9796	111
26047	101
4701	101
5708	111
55750	111
11336	111
25813	111
4726	111
5910	111
9377	111
4710	111
56922	111
55735	111
11311	111
145567	111
3706	111
374291	111
64087	111
4702	111
1345	111
4301	111
55914	101
2906	111
9890	111
5230	111
347730	111
26115	111
55740	101
1008	101
324	101
440073	111
782	111
9912	111
613	101
10521	111
785	111
57512	111
30845	111
5595	111
115207	101
1495	111
57528	101
83992	111
9520	111
115827	111
6155	111
10152	111
23504	101
7334	111
5861	111
29110	101
11315	111
22911	101
23332	111
6801	111
57609	111
10160	111
9948	111
57175	111
140885	111
55605	111
9927	111
547	111
9920	101
5976	111
57731	111
6146	111
5621	111
6147	101
6187	111
6792	101
55970	111
6204	111
6141	111
6142	111
308	111
6861	111
1454	111
65082	111
6203	111
92521	101
51299	111
6139	111
84617	111
64130	101
7187	111
4140	111
80758	101
23521	111
6134	111
83988	111
84364	101
10120	111
11194	111
22933	111
55763	111
2027	101
3028	111
8079	111
3371	111
4713	111
309	111
6576	111
4897	111
57282	111
10857	111
203	111
114787	101
23092	111
4430	111
387	111
375	111
6205	111
2788	111
1397	111
23673	111
84896	101
22931	111
9145	111
5792	111
6513	111
57470	111
4129	111
116987	111
51079	111
114794	101
220296	111
3208	111
1756	101
84557	111
4190	111
2923	111
23787	111
460	101
23233	111
7841	111
9751	111
26011	111
2561	111
9026	111
23256	111
57447	111
57699	111
93145	101
1460	111
10606	111
480	111
10640	111
37	111
4642	111
1762	101
6622	111
126567	111
81873	111
1428	111
5515	111
10128	111
10939	101
1314	111
27132	111
56947	111
4139	111
57180	111
10396	111
5048	111
3178	111
5520	111
513	111
10935	111
81609	101
7381	111
90550	111
6191	111
2785	111
83787	111
64837	111
6529	111
492	111
3631	111
2912	111
3308	111
5924	111
4000	111
27347	111
4329	111
4128	111
4978	111
1159	111
55753	111
26090	111
91137	111
22908	111
4700	111
10999	111
3843	101
9600	101
6326	111
1981	101
9863	101
5901	111
51555	101
8301	111
821	111
11178	101
9743	111
10484	111
1452	101
5862	111
7879	111
9901	111
25927	111
84823	101
10142	101
3736	101
9462	101
30968	111
10963	111
23043	111
91584	111
23327	101
9859	101
23077	111
9782	111
3192	111
23162	111
4001	111
29966	111
221061	101
5912	111
5566	111
2314	101
4842	111
10755	101
610	111
284069	111
5153	101
114088	101
57670	101
3008	111
23065	111
10327	111
54996	111
4756	111
5037	111
5170	101
79135	111
59345	111
92140	111
31	111
9699	111
708	111
55770	111
3241	111
5868	111
9805	111
445815	111
128866	111
22871	101
12	101
84293	111
23426	101
22874	101
5911	111
7316	111
10840	111
89	101
166336	101
80059	101
11332	111
9414	101
8417	111
10492	111
2266	111
2810	111
5630	101
3337	111
3039	111
27183	101
149371	111
11127	101
2895	111
2562	111
1073	111
9352	111
4062	111
25758	111
22841	111
11080	111
51727	111
5361	111
55611	111
5700	111
6234	101
5010	111
7111	101
83733	111
2566	111
4580	101
5860	111
11224	101
376497	111
2571	111
4522	111
2181	111
10675	111
80856	111
7251	111
55823	111
388336	101
25930	111
9024	111
220988	111
57406	111
10632	111
50807	111
84894	111
7407	111
118427	101
2710	101
5529	111
140465	101
25979	111
9254	111
2035	111
7430	111
2824	111
7019	101
4841	101
10810	111
762	111
80777	111
8565	101
10130	111
6455	111
2271	111
6232	101
10598	101
3785	101
4830	111
51493	111
3300	101
6386	101
3418	111
10376	111
6640	111
1781	111
1656	111
224	111
8448	111
10213	111
54472	111
1933	111
5216	111
8050	111
51699	111
6521	101
4354	101
3188	111
22907	101
6224	101
9854	111
2235	101
4185	111
404037	111
392	111
55207	111
79969	111
55748	111
55968	111
23321	111
6293	111
11160	111
79641	111
873	111
3184	111
5917	101
2767	111
55967	111
9167	111
4204	101
285172	111
6390	111
25782	111
4712	111
10659	111
79929	101
2931	111
79187	101
56262	101
23367	101
5631	111
26000	101
203190	111
5036	101
1340	111
56243	101
9762	101
9448	111
421	101
8437	111
57658	101
6249	101
57662	111
9265	101
5510	111
9266	111
9513	101
22998	101
26060	111
121551	101
23352	111
11230	111
23164	101
57144	111
377	111
381	111
57551	111
85440	111
6733	101
4691	101
55700	101
271	111
4659	101
56936	111
57460	111
54862	111
4869	101
1973	111
1174	111
23365	101
25843	111
79180	111
4076	101
7917	101
113246	111
83447	101
5909	101
23576	111
6708	111
144100	111
27072	101
23002	101
25873	101
8209	111
3187	111
495	111
91452	101
58477	101
1674	101
26045	101
23348	111
5144	111
7464	101
150209	111
176	101
23187	101
386617	101
440279	111
3005	101
5127	111
6160	111
124044	101
55118	111
26289	101
81876	111
23205	111
80124	111
255252	111
260425	101
4336	111
57605	111
7094	101
129285	111
116841	111
23167	101
3064	111
396	111
2983	101
8760	111
26286	101
71	111
23229	101
9732	111
55327	111
8724	111
57636	111
401647	101
4676	111
23209	101
6157	101
726	111
3612	111
8682	111
1660	111
2917	111
6209	101
9230	111
1845	101
26086	111
2734	111
8497	111
1615	111
63826	111
111	111
8976	101
4641	111
64122	101
823	101
2010	111
54539	111
752	101
10469	111
16	111
5300	101
5602	111
60484	101
3033	111
10651	111
1211	111
9341	111
55326	111
51704	111
54828	101
5705	111
2108	111
55699	101
747	101
23500	101
1434	101
6642	111
8567	111
5110	111
9529	101
6843	111
6742	111
66004	111
7466	111
10295	101
2805	111
376267	111
6648	111
8476	111
8566	111
57614	101
6158	111
83696	111
8813	101
55074	111
2817	111
4728	111
8615	111
6416	101
56181	111
50809	101
10657	111
55907	101
1410	111
164	111
6218	101
3191	111
4356	111
7920	111
165215	101
3305	111
5701	111
5536	111
23530	111
3996	101
57520	101
1374	101
5609	111
7923	101
738	111
11258	101
9715	111
10908	111
5165	101
471	111
4698	111
4709	101
25977	111
5605	111
131118	101
9361	111
4718	111
54550	111
80150	111
2977	101
286097	101
199731	111
51706	111
254531	111
7812	101
2617	111
10564	111
64210	101
51062	111
80212	111
9054	111
57148	111
57599	111
5837	111
9798	101
3735	111
2180	111
2316	111
23513	111
9590	111
51571	111
84258	111
9344	101
783	101
89796	101
6500	111
7249	111
9941	111
1459	111
142	101
22885	101
10015	111
4734	111
5575	111
10189	111
27095	111
7916	101
23098	111
6233	111
9223	111
2665	111
114783	101
3739	101
114795	101
9898	101
80128	111
1642	101
152789	111
3766	111
5756	111
9555	101
2332	101
5747	101
3798	111
1996	111
5799	111
2521	111
84376	101
7336	111
80309	111
9632	101
5962	111
10432	101
9379	111
65268	101
23196	111
8661	101
5869	111
25874	111
6201	111
146330	111
8411	101
NA	111
57221	101
301	111
392617	101
22843	111
9847	101
6206	111
131034	111
6144	101
30844	111
112476	111
5095	111
134353	101
311	111
57338	101
2166	111
57488	111
3303	111
55275	111
22905	111
4067	111
57216	101
79877	101
6546	111
57348	111
54749	111
6231	111
487	101
94030	111
8404	101
23230	111
55161	111
10652	111
3183	111
774	111
11130	111
51762	111
6161	101
81565	111
4724	111
11141	101
84263	111
9899	111
10449	111
2109	111
361	111
10290	101
7388	111
136319	111
11217	101
8815	101
2773	111
26135	111
9097	101
51160	101
3006	111
9524	111
89910	111
22808	111
22853	101
55845	111
6159	101
375057	111
1468	101
10423	111
26278	111
8607	111
7360	111
6904	101
57130	101
201475	111
310	111
6280	101
2244	101
1620	111
22891	101
1901	111
51560	111
23031	101
50618	111
217	111
1968	111
5707	111
27089	111
25902	101
57628	111
58	111
83693	111
382	111
51807	111
2947	111
NA	100
6643	111
54331	111
4831	111
5290	101
83699	101
27439	101
51056	111
6181	111
6538	111
26355	111
3043	111
55856	101
5694	111
10113	101
2560	101
6050	101
152007	101
9844	111
22849	101
55619	101
1828	111
81631	101
2950	111
794	111
6301	111
29789	111
10397	111
10949	111
5706	111
89941	111
8672	101
6717	111
1977	101
23420	101
23435	111
5709	111
8575	111
3853	111
57617	111
132299	101
64225	111
57665	111
1727	111
11344	101
4711	111
23011	111
10752	111
22954	101
55754	111
6472	101
23339	111
2273	111
3092	101
93974	111
55799	111
85300	111
85397	101
4141	111
114793	111
10901	101
23382	111
108	101
2909	101
51308	111
1965	101
489	111
6647	111
760	111
401190	101
129049	101
6210	101
51466	111
6176	111
4673	101
54536	111
22919	111
29763	101
56850	111
51075	111
5097	111
9296	111
84435	101
2556	111
10527	101
10858	111
55269	101
29796	111
9764	111
9445	101
64744	101
961	111
18	111
23597	111
345651	101
112936	111
5710	111
65263	111
1384	111
1629	101
285513	101
9368	111
56907	111
10236	111
5447	111
23180	101
221424	101
27034	101
5713	111
1176	111
5332	111
8938	111
205	111
4725	111
4008	101
8526	101
343990	101
3858	111
133957	101
10525	111
51138	111
811	111
10452	111
23380	111
1009	101
55704	101
5905	101
2802	101
3745	101
348980	111
7248	111
1641	111
10155	101
63893	111
157922	111
23109	101
54954	101
6311	101
4915	111
9135	101
23317	111
7881	111
22872	111
11171	101
9208	101
5528	111
9826	101
2899	101
3608	101
51479	101
5142	101
7425	111
3836	101
9832	111
54477	101
23646	111
58533	111
6092	111
108489980	111
302	111
9040	101
283209	101
10938	111
2885	111
23325	111
5591	101
55324	101
4916	111
5702	111
23294	101
81832	101
23052	111
3163	111
479	111
6847	101
3009	101
5527	101
7414	111
3852	111
54832	111
83481	101
219771	111
57497	101
30	111
57608	101
10455	111
60682	101
79948	101
64748	101
140730	111
51067	111
392862	111
7874	101
22800	111
7311	111
27101	101
10079	111
80755	101
57464	101
10154	101
225	101
847	101
6138	111
2530	101
23245	111
2239	101
8482	111
5129	111
23266	101
160622	101
7905	111
192683	111
51660	111
8785	101
2876	101
2059	101
537	111
22983	101
4907	101
29091	101
1002	101
10490	111
115703	101
1793	101
6888	111
8776	111
147906	101
2555	111
1982	111
8664	101
10493	111
57553	111
3315	101
85365	111
3751	111
11343	111
9630	101
5136	101
84233	101
29920	111
53916	111
4082	111
26051	101
775	111
34	101
2764	111
7453	101
51673	101
29801	101
57326	101
9559	111
2901	101
9342	111
51102	111
9522	111
80331	111
116442	101
5865	111
928	111
201595	101
1399	111
6154	111
7514	111
8491	111
5717	111
132001	111
57568	101
57580	101
1892	111
10550	111
55610	111
81618	101
2539	111
140679	111
340527	101
6897	111
92609	101
10728	111
2580	111
3709	101
57863	111
213	111
6509	111
84457	111
83856	101
55102	101
253559	111
64756	101
9861	111
NA	110
966	111
6164	111
4900	111
6814	101
7525	111
8027	101
56681	101
26520	111
4660	101
139322	101
11122	111
6229	111
372	101
1155	101
6327	111
10328	101
1665	101
57787	111
64743	101
23171	111
6228	111
10985	101
11022	101
93377	111
11033	111
29968	101
90423	101
351	111
56926	101
1975	101
57003	101
22930	101
2949	101
147179	111
57496	101
6102	101
11221	100
10239	111
10005	101
11100	101
8723	111
2287	111
8243	101
26012	101
80347	101
56894	111
91010	101
10163	101
22920	101
25953	111
347731	101
9804	111
57498	111
5764	111
23078	101
114294	111
55512	111
59353	111
11170	101
256714	111
23786	111
5625	101
6396	101
7171	101
11240	101
284697	111
6772	101
8675	111
2905	101
9158	101
9567	101
55831	111
6238	101
9978	101
5526	111
8650	111
92259	111
408	101
83658	111
253959	111
55333	111
25999	111
130132	111
81892	111
54874	111
51393	101
148252	111
79735	101
5335	101
166785	101
5481	111
26608	101
10952	101
55604	101
22821	111
501	111
5859	111
53358	111
2281	101
5955	111
2987	101
84445	101
79671	111
54499	101
56776	101
10693	111
55201	111
6165	101
64423	111
7314	101
84502	101
22927	101
90957	101
10645	101
3738	111
9276	101
51559	101
29942	101
51234	101
6002	101
1185	111
56945	101
1608	101
84152	111
84443	101
80207	101
9550	111
9897	111
1429	101
55198	101
8453	101
7263	111
5034	111
55738	111
10067	111
1891	111
55739	111
9371	111
5687	111
10856	101
3848	111
3849	111
57118	101
91663	111
55229	101
3035	101
975	111
3029	111
7163	111
3094	111
5704	111
3336	111
8895	111
83858	111
9444	101
23228	111
56993	111
58473	101
9001	100
3748	101
5798	111
3632	111
814	111
439	101
51400	111
284106	101
57537	111
3376	111
1350	111
65059	101
91683	111
51520	101
23385	111
4540	101
51663	111
5116	101
55004	101
91404	111
7158	101
23019	101
375790	101
55184	101
5062	111
56977	101
10972	111
79711	101
4217	111
9581	101
10129	111
9267	101
790	111
8087	101
9748	111
9737	101
9755	101
23215	101
1613	101
57698	101
84959	101
7520	101
8777	111
2475	111
2914	111
7798	101
80232	111
41	101
5830	101
10788	101
9343	101
8030	101
10075	101
283450	111
80164	101
57521	111
11004	110
23271	101
8500	101
1994	101
154796	101
57582	101
27161	101
22982	101
26058	101
7871	111
5537	101
4478	111
51101	101
50804	111
92154	101
1995	101
7109	111
9162	111
79837	101
2060	101
1612	101
2804	101
1993	101
8452	101
8570	101
9852	111
55236	101
221092	101
152330	101
114882	111
NA	111
51637	111
30849	111
3908	101
79834	101
5923	111
10815	111
50808	111
10636	101
729993	101
59	111
90249	101
79085	101
126731	101
83452	111
57716	101
93436	101
27247	101
10463	101
9556	101
23254	101
357	101
4282	111
23732	111
9605	101
51440	111
23	111
9126	111
57495	101
25978	101
79884	101
8834	111
85456	101
23204	111
5654	101
55697	111
23072	101
6329	101
221184	111
81553	111
56895	111
9780	101
9146	101
222950	101
9821	101
57448	111
80142	101
5362	111
26050	101
36	101
6620	111
9545	111
4509	111
4666	101
83473	101
NA	111
54566	101
10189	111
23637	101
201161	101
306	111
10287	101
56924	101
257160	101
23376	101
65078	101
23208	111
3074	111
10456	101
10497	111
5534	111
219287	111
98	111
9255	101
51806	101
23527	101
6227	101
1958	100
80017	101
79643	111
4893	111
51196	101
1200	101
56341	111
23541	111
10994	111
3055	101
54704	111
822	101
1821	110
121512	101
6645	111
6508	101
51534	101
144165	101
9515	111
4694	101
28992	101
55362	111
57222	111
57471	101
8601	101
7818	101
10923	111
51	111
5538	111
118881	111
26958	101
64848	101
249	111
57026	111
27243	101
221981	101
9696	101
10016	101
64219	101
55631	101
642968	101
4218	111
51761	111
23095	111
285368	111
5685	111
7335	111
788	101
54938	101
5493	101
7155	111
55824	111
403	111
55361	111
8533	101
718	111
5565	101
1315	111
84886	101
91978	101
9380	101
5686	111
115817	101
3839	101
8065	111
9320	101
11168	101
2686	111
9738	111
52	111
6285	111
9283	111
2280	111
51337	111
644	101
7991	101
25814	111
92255	111
25830	101
373156	111
2557	101
7295	111
3382	111
9690	101
1004	101
9842	101
5683	111
9497	101
29934	101
4645	111
9758	101
10419	111
57446	111
8773	111
4677	101
5226	111
57622	101
8907	111
5880	101
158471	101
64409	101
57576	101
80279	101
6641	101
114134	111
26507	101
5791	111
4648	111
9532	111
2819	111
25822	101
3014	101
6168	101
2171	111
645	101
5338	101
5364	111
10159	111
386618	101
84059	101
5333	111
9946	101
25940	111
22820	101
8663	101
127829	111
84230	101
51429	101
2495	111
10814	111
80333	111
191	111
5270	101
27339	101
6457	111
8871	101
56255	111
388662	111
29924	111
7018	111
10910	111
57687	111
10424	111
5786	111
2051	101
5711	101
26276	111
107	101
1983	111
5881	111
5289	111
26985	111
3685	111
57552	111
132864	101
1456	111
81567	101
23061	101
79143	111
23071	111
214	111
5719	111
57153	111
5464	111
4345	111
23108	101
6515	111
84932	111
26953	101
23007	101
2597	110
3043	111
125988	101
51090	101
9481	101
5195	101
113026	101
10634	101
55203	111
9373	101
79605	101
84254	101
59338	111
22997	101
3842	101
6747	101
9238	101
23761	101
9961	111
25875	101
100131244	111
80700	101
6923	111
26275	111
1509	111
3757	101
8799	101
145864	100
114789	101
2197	111
1347	111
522	111
400745	101
1645	101
114569	111
143187	111
64599	101
30819	101
5714	111
2110	111
8454	101
9911	111
27255	101
80852	111
5067	101
51645	101
142678	101
26270	101
10654	101
54505	101
780776	100
84305	101
140707	111
3786	101
4731	111
161357	101
2675	111
340120	100
10613	101
3984	101
28316	101
10043	101
9463	111
2038	100
11212	101
6767	111
56666	101
282974	101
216	101
11273	101
10228	111
8761	111
26330	101
2774	111
5828	101
8898	101
6511	111
9652	111
28512	101
3710	111
23344	111
55669	101
9537	101
9053	101
23395	101
54788	101
345778	101
27316	111
22883	101
90678	101
326625	101
4832	101
10105	101
23657	101
90523	101
8659	111
23242	100
26130	101
8266	111
644150	101
8443	101
9987	101
2794	101
151011	111
22	111
5593	111
8913	101
100271715	101
7266	111
8662	101
6734	101
84643	101
54940	111
28976	111
4942	111
57084	111
6428	101
56886	111
6786	111
7458	111
4043	111
7260	101
824	111
93664	111
673	101
5580	111
53918	101
8801	101
157378	111
197322	101
5660	111
10133	101
30000	111
23197	111
56267	111
2730	101
10102	111
23193	111
7919	111
23080	101
5875	111
6921	101
483	111
23446	111
60684	111
307	111
293	111
12	101
2274	101
6990	101
81615	111
1731	111
5066	111
5099	111
3746	111
27344	111
2572	111
3868	111
11198	101
8924	111
23224	101
546	101
57451	101
9667	101
54732	111
2801	111
5903	101
55729	101
9612	101
7267	111
23001	111
139818	111
57578	101
23020	111
7175	101
2803	101
1523	101
9659	111
22994	101
1062	101
1729	101
115098	111
10427	111
6093	101
5585	111
10188	111
8428	111
2079	101
8826	101
6601	101
85369	101
8642	100
55466	111
10297	101
56252	101
5108	101
9628	111
64682	111
57805	101
3609	101
8887	101
3925	111
3276	101
7165	111
51361	101
26057	101
389	111
8359	101
26523	101
55917	110
84726	100
23542	101
10048	111
6009	111
84162	101
255057	111
115	111
5313	101
369	101
54014	101
170961	101
9761	111
254263	101
55691	101
3856	111
85461	101
6683	101
375567	100
161436	101
10092	111
26750	101
201625	101
80222	111
6334	101
121504	101
6738	101
84129	101
117145	111
527	111
57530	101
22906	101
6342	111
10846	111
81831	101
4904	111
1769	101
1376	111
153364	111
8829	101
23336	101
57826	111
10730	101
113510	101
5980	101
79567	111
5430	101
103	101
4624	101
5525	101
326624	111
2900	101
3097	101
5932	101
10178	101
26575	111
4928	101
22995	101
6173	111
26027	111
129807	101
9585	101
23086	101
54861	101
5981	101
284217	101
6263	101
23467	111
55698	101
23024	101
5007	111
1181	101
139065	101
4591	101
92399	101
349667	101
26505	101
51701	101
23047	101
4297	101
402665	111
9644	101
2196	111
79747	101
80005	101
161725	101
2784	111
3024	101
80184	111
338	111
22832	111
670	111
10594	111
53353	101
23107	101
2639	101
5649	101
79568	101
10565	101
64854	101
5684	111
6449	111
23140	111
64753	111
8853	111
84790	111
23129	101
7057	101
8540	101
120114	101
1956	101
4649	111
2558	101
8036	111
9648	111
3556	111
1464	101
54885	101
1984	111
57795	111
23286	101
2768	111
26207	101
9069	101
53822	111
25777	101
5908	111
144402	111
4538	101
4622	101
8632	101
1767	111
27145	111
85459	101
3861	101
4537	101
5317	101
83449	111
339122	101
57477	101
12	101
115948	101
1080	101
339829	101
84433	101
57482	111
221545	111
NA	111
347	101
9853	101
4999	100
23549	111
114928	101
51248	101
29927	101
5224	101
23780	101
23328	101
6687	101
55243	101
54329	100
1603	101
154810	101
9028	101
8407	101
23368	101
10554	111
51116	101
3007	111
284439	111
5232	111
901	100
3339	111
7781	111
1471	111
9185	101
25994	101
51649	101
3704	101
60626	101
6731	101
79026	101
65992	101
5128	111
84836	101
7343	111
9531	101
9392	111
55558	111
51065	101
10953	111
29919	111
55848	111
92675	111
10479	111
8365	101
2021	101
7283	111
137682	101
51412	101
23417	101
4783	100
84864	100
83752	111
1794	111
55054	111
81533	111
10055	101
871	111
23438	101
10804	101
2182	111
89792	101
63929	101
51726	111
55506	101
126129	111
135112	101
11051	101
23111	111
51755	101
54443	101
133746	101
51025	111
7178	111
79885	111
133686	111
54805	101
23281	111
57648	100
6810	101
55364	111
115704	111
5306	111
59284	101
29094	101
10507	101
80055	111
2870	101
23355	101
6745	101
6594	111
27131	111
65108	111
26063	100
394	101
4957	101
23012	101
23263	101
11253	101
10367	101
6727	101
3269	101
23066	101
10247	111
9789	111
5693	111
81889	111
3792	100
8574	111
6867	101
10026	101
55966	101
23301	101
5563	101
60496	101
26036	100
3507	101
64965	101
6182	101
55156	101
178	101
50640	101
57620	101
79861	101
23580	101
9610	101
759	101
51651	101
8546	111
1109	100
2224	111
27	101
8562	101
9183	111
56853	101
23039	101
2170	111
9446	111
57132	101
6284	111
149111	101
8844	101
56948	101
58155	111
1266	111
3991	111
55860	111
7786	101
116984	101
64419	100
6726	101
10250	101
6499	111
146395	101
4291	100
11333	111
5243	101
196403	101
54994	101
3635	101
27349	101
7402	111
5119	111
23113	111
65008	101
151835	111
64978	101
7112	101
4857	101
26229	101
5872	111
2242	101
869	111
55346	101
84867	101
25921	111
5831	101
84630	101
9620	101
55421	101
140576	101
284361	101
2173	111
5163	111
54873	101
23163	101
9625	101
2040	101
90580	111
81846	101
334	111
64110	100
6654	111
56848	111
127281	111
3718	101
143098	101
55561	101
27092	101
219738	111
9031	101
55157	101
9459	101
9049	101
3281	101
51024	111
5610	101
151056	101
6768	100
5367	101
55930	111
10398	101
80219	101
427	111
2780	101
51031	111
29078	111
5874	111
5164	111
11052	101
4733	101
57095	101
6634	101
23287	101
64478	101
4069	101
159	101
30846	101
445	111
2894	101
64168	101
23705	111
5601	111
7174	101
9990	111
9733	101
3712	111
5590	101
1356	111
5688	111
5692	111
26470	111
9651	101
5833	101
7125	101
1268	111
10873	111
6566	111
72	111
1657	111
810	101
1838	111
5867	111
2	111
7276	101
6271	101
25989	101
9917	101
26230	101
5498	101
444	111
3636	101
53349	111
3417	111
2066	101
10395	101
54622	101
54893	101
6324	101
5218	101
57037	101
65080	101
3956	101
826	111
5522	101
57136	111
254122	101
284273	101
7411	101
51719	101
9318	111
51028	101
23406	111
10471	101
57689	101
10767	101
5358	101
7162	111
5589	111
58497	101
79585	101
80014	101
2873	101
11031	111
5634	101
8440	101
3476	101
11313	111
55291	101
10135	111
3146	111
7102	111
80028	101
22865	101
3268	101
51218	101
1209	111
55308	101
4199	111
85476	101
5718	111
3915	101
3646	101
400	101
5550	111
3267	111
10296	111
4144	101
26003	101
8455	101
23647	111
493856	111
2286	101
56997	101
261726	101
8140	111
5445	101
1312	101
641371	101
3251	111
25840	101
54708	101
1528	111
8904	111
4619	101
6195	111
55680	101
340543	101
514	111
284656	101
10517	101
3860	111
3539	101
120892	101
57489	101
64805	101
5310	101
57403	111
80223	101
63875	101
63894	111
23503	101
3514	101
3500	101
6279	101
3502	101
4707	101
254065	101
8349	101
10971	110
4710	111
4710	101
7368	101
27031	101
51168	111
767	111
2710	100
NA	111
8125	111
51441	101
51760	111
79870	101
57106	101
123745	100
1846	100
9706	101
5042	110
5321	100
126792	100
56144	100
8851	101
146223	111
26517	111
401145	100
57478	101
7542	101
358	101
57575	111
26994	101
9926	101
10061	101
253943	101
2288	111
8787	101
79073	101
11059	111
54915	101
8165	101
9231	101
84516	101
8879	101
54806	111
91833	101
1013	101
525	110
NA	111
388695	101
23143	100
1600	100
5894	111
84628	101
84895	101
51735	101
5193	101
23201	101
10818	100
57513	101
4983	111
10156	111
79959	101
134492	101
8504	101
64405	100
80820	111
55176	101
8408	101
321	101
9775	101
9196	101
93380	101
126298	111
83939	101
6750	111
57606	101
55638	101
5192	101
54867	101
889	100
6833	101
56097	101
10627	111
114900	111
56138	100
4815	101
8622	111
80036	101
8495	110
51011	111
219	111
617	111
126328	111
4706	111
6391	111
3182	111
10961	111
51386	111
87178	101
33	111
2997	111
79944	101
8878	101
23474	101
8518	111
793	111
3857	101
51109	111
2936	111
9289	101
10726	111
23408	111
23416	101
26100	101
8890	101
3688	101
84284	101
6697	111
5106	101
57019	101
5562	101
3703	111
23534	101
322	111
80221	111
51449	111
9701	101
9601	111
950	111
134829	111
1363	111
402	101
53826	111
124454	101
6774	101
79896	101
27175	100
55521	101
54495	111
84064	111
57120	101
9375	111
5372	101
4817	111
10587	101
5818	111
954	111
23041	101
5599	111
8634	101
2944	111
83394	101
112724	101
26515	101
7321	101
5375	101
727957	101
29978	101
64324	111
55755	111
9498	111
2130	101
154043	101
23269	101
57619	101
7223	101
3482	111
57680	101
1826	101
282973	101
10111	101
56992	101
51366	101
6840	101
124997	101
7750	101
55226	101
5629	101
58525	101
6597	101
23046	101
6494	110
23255	101
54880	101
440193	101
5927	101
5783	101
10592	101
6599	101
140710	101
11011	101
55075	101
23090	101
55636	101
7159	100
9774	101
3066	101
117177	101
6949	100
25852	111
22938	100
25959	100
10919	100
23387	111
29062	101
84461	100
57532	100
6426	101
9479	101
4926	101
57624	101
9779	101
283455	101
11152	101
23243	101
8658	100
56288	101
51474	101
23094	111
23307	101
10528	101
9967	101
5334	101
5141	101
23644	111
23451	101
2800	101
53981	100
3615	111
83737	101
375056	101
23384	101
129684	101
10763	101
23074	101
23112	101
89801	101
5780	111
9100	101
6196	101
4216	101
9209	111
3832	101
5073	101
51631	111
1108	101
1952	101
10514	111
11188	101
57169	101
7337	101
5100	101
9860	101
23370	101
1819	101
10916	100
200081	101
2547	101
2107	111
10499	101
1386	100
9493	101
1786	111
24137	101
636	101
10021	101
54726	101
81624	101
374654	101
25962	101
10235	111
23177	100
25836	101
55835	101
8754	101
85235	101
9815	111
5516	111
80303	101
146754	111
401024	111
23036	111
127262	111
55345	101
22986	101
7450	101
721	101
9950	101
26504	111
400954	101
57709	111
159989	101
54768	101
55037	101
1006	101
1007	101
7840	100
285313	101
57679	101
80727	111
116931	101
4881	101
145581	101
6335	101
4750	101
64089	101
10979	101
246213	110
8674	111
7064	101
1632	111
2262	101
23671	111
8451	101
51250	101
808	111
79925	101
1525	111
3099	111
3854	111
89853	101
80155	101
2044	111
51667	101
4294	101
10207	101
9968	101
284434	101
2321	101
55870	101
4621	101
151742	101
84033	111
51059	101
1160	101
57224	101
259232	101
4846	101
9881	101
342184	101
4940	101
4868	101
26509	101
26160	101
3340	101
3851	101
3909	101
53919	101
3815	111
131873	101
54664	101
197131	101
53917	111
129446	101
22990	101
10125	111
7779	101
23431	101
266727	101
81704	101
1105	101
124842	101
2648	101
27032	111
23405	101
5286	111
54549	101
94134	101
3157	101
55260	101
10960	111
23161	101
284111	101
285220	111
2045	111
29953	101
25821	101
220164	101
57674	101
23155	101
23334	101
79809	101
1182	111
10447	101
23244	101
1025	101
399909	101
7224	101
84312	101
57526	101
1123	101
57515	111
79659	111
256472	101
57634	101
4145	101
8295	101
375449	101
200734	111
3655	101
9662	111
7511	111
58508	101
8467	111
23511	101
23654	111
51209	111
80018	101
5738	111
9828	101
23347	111
166378	101
23131	101
84929	101
2595	101
89795	111
10765	101
23049	101
140807	101
54509	111
57187	101
6272	101
23304	101
23295	101
117	111
8914	111
7357	101
11007	101
284161	111
2590	101
2033	101
79414	101
8899	100
4351	101
6653	101
7074	101
109	101
10426	111
23248	101
472	101
23150	101
5531	101
9736	101
7412	101
6261	101
57706	101
84188	101
56957	101
55667	101
316	101
3781	101
1130	101
122961	101
2975	101
85442	101
5588	101
54795	101
5922	101
3760	101
55660	101
48	111
10531	101
4638	101
282996	101
7803	111
25885	111
54148	101
91526	101
1948	101
51125	111
27000	101
221400	101
20	101
9657	101
10100	111
90134	101
22854	101
3911	101
55614	101
3916	111
55665	101
9411	101
3791	111
57683	101
8828	101
23138	101
80731	101
10347	101
3875	101
55532	101
2177	101
80816	101
4651	101
5426	111
2152	101
23013	101
219285	101
7011	101
55714	111
5365	101
54884	101
23392	111
9256	101
3691	101
3148	101
22984	101
54625	101
57650	101
317	101
7053	101
154664	111
64072	101
2897	101
3018	101
9542	101
27314	111
360200	101
229	111
23181	111
2042	101
2048	111
59269	101
4626	101
338321	101
55844	101
6560	101
84141	101
55088	101
8766	111
259266	111
9914	101
5205	111
79915	101
170690	101
170692	101
55814	101
4671	101
54875	101
11064	101
344875	101
256076	101
1307	100
8029	101
23316	101
360163	101
100653515	101
57572	101
1828	101
55567	101
64800	101
114327	100
254102	101
1969	101
2046	101
2049	111
54821	101
2125	111
79843	101
148753	101
55719	101
23116	101
27146	101
54906	111
339145	101
22909	101
55215	101
83990	101
221472	101
2261	101
114827	101
80206	101
80307	101
80144	101
158326	101
341640	101
10690	101
6936	101
2674	111
3000	101
147746	101
256158	101
3161	111
3299	101
91156	101
152404	101
54617	101
392843	101
9703	101
85379	111
3866	111
3880	111
54474	101
125115	101
3881	101
3882	101
51350	111
3855	101
112802	101
319101	111
121391	101
7994	101
53944	111
1455	101
9312	101
3797	101
317719	101
57626	101
9757	101
8085	101
9735	101
8689	101
3887	101
3888	101
3889	101
3890	101
3881	101
10319	101
54886	101
4040	101
79442	101
341883	111
116372	101
389840	101
84451	101
89876	101
9969	101
54737	111
339766	101
10536	101
80003	101
10343	101
57475	101
5586	101
10769	101
114824	101
5459	101
9858	101
5613	101
5787	101
150962	101
169714	101
NA	101
64926	101
57514	101
9824	101
57589	101
83547	101
85376	101
56163	101
94137	101
57096	101
5442	101
25914	101
57402	101
132320	101
6336	111
221935	101
3508	101
6621	101
10615	101
200162	101
124976	100
80208	101
57519	101
55342	101
23353	101
114801	101
6872	101
9786	101
11138	101
55357	101
23102	101
84260	100
163589	101
8577	101
200424	101
51284	101
83604	101
140803	101
54822	101
23331	111
23318	101
57602	101
27340	101
81839	101
157680	101
127731	111
149465	101
55100	101
7486	101
114786	111
84524	101
57623	101
463	111
24149	101
353274	101
9745	101
9640	101
140831	101
23053	101
56650	101
57502	111
4647	101
85417	101
22852	111
53904	111
675	111
153733	111
84166	111
221322	101
56254	101
8204	101
4892	101
4853	101
126206	101
338322	101
197358	101
22981	101
51199	101
4650	101
140469	101
23026	101
57644	101
4606	101
84229	101
143884	101
1387	101
4261	101
11190	101
1951	101
8621	101
54535	101
728621	101
343099	101
729665	101
203238	101
339965	101
284992	101
223075	101
256309	101
54897	101
57082	101
79020	100
65250	101
283373	101
84250	101
80709	101
112	111
23460	101
NA	110
57507	100
163404	101
NA	110
123591	101
730102	111
285315	100
4236	100
84798	110
79640	110
NA	110
283951	101
162655	100
NA	110
966	110
79763	101
6317	110
387680	101
157285	100
6729	101
84450	100
NA	110
NA	110
51617	101
23597	101
9582	100
115509	100
130813	100
11197	100
93643	100
9324	100
8363	100
3611	101
54843	101
6604	100
337872	101
5327	100
7349	100
80224	101
100287932	101
79791	110
27067	101
219793	100
128308	101
152100	101
8288	100
94104	100
84940	101
11135	101
50940	101
10900	111
3020	100
9472	100
54921	100
64969	101
81539	111
84892	101
3681	101
2532	100
2184	101
124801	101
23241	101
29760	100
9631	101
345630	100
10884	101
4635	100
81488	111
5757	101
7732	100
123096	101
51537	111
6183	101
246269	101
64005	101
27236	111
9570	101
27239	101
117579	100
11222	101
6744	100
49855	100
7515	100
65084	110
57122	101
9870	100
1907	100
112840	101
9260	101
53827	100
9527	111
54534	101
80196	101
6388	101
81570	101
199953	100
7410	101
28952	111
9891	101
55515	100
80298	101
83548	101
118812	101
8175	100
115286	101
11248	100
2731	101
55746	101
60370	100
26019	101
9002	100
51780	101
9958	101
2243	101
343702	111
58517	101
2741	100
140460	100
1128	111
84656	101
6741	101
90362	101
800	101
4774	101
553115	101
572	101
10076	100
60673	101
7422	100
2247	101
2318	101
10579	101
29957	101
400673	100
4643	101
23479	101
9354	101
84134	101
8893	101
123879	101
56851	101
114971	111
85865	100
4440	100
81689	101
192666	101
374618	100
5151	100
64943	101
8317	100
257407	101
5341	100
114784	111
55854	101
7454	100
140823	101
54520	111
6794	101
9415	101
4998	100
64963	101
139341	101
387597	101
7169	101
1271	111
26154	100
4542	101
6885	101
11316	111
55255	101
81037	100
167691	100
8894	101
5797	100
23313	111
3964	101
124995	101
8999	100
6451	101
261729	100
6651	101
7024	101
83605	101
196374	100
23288	100
10440	101
55140	101
9781	100
6632	111
874	101
5716	101
79672	101
4528	101
94032	100
143425	111
11005	100
55687	101
27005	100
81563	101
9489	101
6275	100
128178	101
2673	111
219927	101
3015	101
23731	111
79901	101
80380	100
29088	101
81611	101
23373	101
148281	110
7873	111
285527	111
55973	111
2150	100
6781	100
8970	100
1854	101
5606	100
60488	101
4215	100
51081	111
2743	100
177	100
58472	101
55149	101
29982	100
4026	101
8001	110
8665	101
55082	111
3992	101
23518	110
3696	111
5725	101
4357	111
3012	100
3667	100
55450	101
11341	100
2581	101
10411	101
714	111
90701	101
22980	101
51622	111
9791	101
374864	101
84866	100
10014	100
25901	101
81628	101
9638	101
23037	111
3773	101
51073	101
10238	111
22864	101
3054	101
215	100
23609	101
27165	111
57143	101
10620	101
254863	101
6323	111
84300	101
57380	101
6240	101
7342	101
23023	111
93034	100
83595	100
2887	100
9811	101
9478	100
126006	101
55972	101
83657	100
4046	100
84926	100
286046	101
2132	100
171024	100
28958	101
81490	101
92737	101
7108	101
6167	100
9351	101
23710	101
51069	101
79811	100
118487	101
399473	101
22913	101
23165	101
6341	101
161742	111
27124	111
6427	101
84947	101
54948	101
5318	101
208	101
126133	101
56934	101
4353	100
NA	101
84274	101
27343	100
8668	101
8480	111
66005	101
22921	101
84749	101
154661	101
125228	111
7164	111
6613	101
23589	101
23423	100
26040	101
2047	111
54923	100
55262	111
348262	101
55920	101
6730	101
83442	101
2257	111
2326	100
740	101
3936	101
6197	101
9619	100
4208	100
64388	100
11231	101
10539	101
833	101
1610	101
9788	101
10658	101
8667	101
4794	100
713	101
7222	101
2946	101
90627	101
65125	101
6678	101
25924	101
64343	101
9669	101
10975	101
84869	101
23270	100
23152	101
6444	101
664	101
8722	101
10777	101
3149	101
51693	111
56098	100
55337	100
56130	100
64783	100
26519	111
8666	101
65991	101
10845	101
64840	101
8968	101
3071	101
10869	101
85477	100
23481	100
23450	101
374986	101
11252	111
10482	100
22826	101
282991	101
123283	101
11180	100
402117	100
25880	101
23592	101
64432	101
26353	101
405	100
1622	111
10775	110
207	101
64795	101
90668	101
51422	101
1545	100
147015	100
6548	111
27130	111
6101	111
84000	110
80342	110
1337	111
10240	111
7153	111
202333	111
79065	111
132204	111
712	101
3742	111
5858	110
3155	111
80243	111
3045	111
9043	101
10987	101
54438	101
284119	101
55681	111
6432	101
51133	101
57724	101
83892	101
10549	111
85455	101
78999	101
55144	101
160518	101
4200	101
5101	101
3189	101
5636	111
6294	101
6418	101
84679	111
1010	101
57410	101
7060	101
1362	101
10605	101
10007	111
55852	101
55187	111
5431	101
23607	101
115811	100
54972	111
10988	101
9685	111
23199	100
3747	101
10724	111
3075	101
9435	101
10980	101
10058	111
5049	111
64218	111
51592	100
50813	101
9465	111
6505	111
7247	101
27429	101
22985	101
54914	101
23507	101
9722	101
26580	101
4594	101
5690	111
2335	101
3240	101
9138	101
65266	101
5691	111
5682	111
5689	111
11261	111
51091	101
6282	101
51100	111
1398	111
79594	111
6845	111
55717	101
4253	101
6091	101
51741	101
51805	101
22987	111
653145	101
10920	111
10082	101
9672	101
23048	111
55666	101
29028	101
57181	101
9482	111
6534	111
2263	101
65055	111
84678	101
11075	111
66036	101
80724	101
1763	101
70	111
90990	101
9119	101
7857	111
256356	101
5504	101
340529	100
338785	111
50861	111
116985	101
259	100
26354	101
210	101
51668	101
4363	101
9825	101
50865	101
138311	101
283234	101
462	110
350	101
335	101
5663	101
337	100
79848	101
54899	100
253260	111
1723	101
4798	101
25837	111
6542	101
64434	101
83692	111
54543	101
57571	101
135228	101
6876	101
22837	100
7052	101
563	101
23137	101
11259	101
1131	101
115361	100
657	101
26010	100
4437	101
2745	111
95	101
51181	101
84631	101
23040	101
79876	101
27075	101
57505	101
4240	111
1857	101
1728	101
9203	101
5291	111
10351	101
10072	111
19	111
374887	101
9101	101
7301	101
84665	100
23259	101
84952	101
57539	101
283871	101
55531	111
9772	101
3159	100
6832	101
30851	101
55160	101
29941	101
6563	101
1293	100
25934	101
81617	101
23170	101
10867	101
7296	101
1069	101
6655	101
10434	111
9931	101
2926	101
28973	101
128869	101
7110	101
54585	101
221074	101
327	101
114	101
64754	101
4308	101
57655	111
6526	101
1717	101
114788	101
286410	101
51280	101
23322	111
57719	101
54839	101
113263	101
123041	111
23505	101
1368	111
56474	101
51566	101
26093	111
285175	101
56889	101
84100	101
2957	100
1445	101
9984	101
81532	101
115752	101
1278	101
25839	100
23250	101
11216	101
2585	101
104	100
125336	101
10973	101
55529	111
55217	101
8242	101
57128	101
5168	101
65260	101
9746	101
1609	101
26578	101
29085	101
54847	101
55530	111
4358	101
25796	111
23017	111
6536	111
80781	100
51421	101
51295	101
55862	101
5524	101
114880	101
51715	111
23203	101
2918	111
145508	101
63897	101
23258	101
9584	101
5411	101
54834	101
26973	101
130507	101
3633	101
39	111
10330	101
8975	101
23381	100
10209	101
29959	101
83451	101
342667	101
2317	101
55048	101
25801	101
2245	101
55612	101
9943	101
3692	111
9910	111
55349	101
93035	101
51434	111
11334	101
4882	101
51046	101
94005	111
6400	101
6611	101
57407	101
21	111
146057	100
5921	101
2618	111
25793	101
642	101
63891	101
23412	101
51573	111
1147	100
2840	101
54187	101
5549	101
89970	101
5269	101
8216	101
22836	101
55218	101
8911	101
1605	111
200205	101
128414	101
84623	101
3416	101
5611	101
8892	101
79176	101
55577	101
26589	101
4952	111
79633	101
1630	101
10617	101
10965	111
79188	101
50814	101
2531	101
1284	101
10611	111
4074	111
91	101
4696	101
85445	111
4326	101
4012	101
60491	101
25831	101
10466	100
1503	111
3716	101
1652	111
3643	101
23636	101
8237	101
51377	101
51608	101
133418	111
11276	101
56996	101
23524	101
196051	101
10350	101
4836	101
53343	101
5793	101
27248	101
8897	101
23151	101
54497	101
5208	101
79699	101
78991	111
222068	111
22878	111
26049	101
84991	100
28966	101
8833	101
545	101
57718	101
55133	101
5795	101
55212	101
9806	111
340371	101
9980	101
9521	111
55585	100
11140	111
4924	111
2786	111
4858	101
51185	101
84532	101
94160	101
347862	101
23708	101
9683	101
79705	101
8991	101
10428	101
987	111
126003	111
64223	111
23410	101
55800	101
23461	101
23548	100
64422	101
6917	101
9439	101
25851	111
50649	101
7965	101
2969	101
10891	101
57231	101
11047	111
57453	101
10147	101
200576	101
26046	101
79720	101
58485	111
55705	101
128	111
2629	111
5754	101
8539	101
26127	101
8450	101
23247	101
54928	101
8678	111
129607	111
84313	101
64121	101
23544	101
51347	100
9810	101
1947	111
23670	101
51594	111
6059	101
9108	101
83889	110
57486	111
5695	111
5295	101
222236	111
60592	101
23762	101
29761	101
201562	101
9765	101
171425	101
1954	101
8731	101
10844	111
2584	101
25963	101
25929	101
57168	111
10959	111
10446	100
4214	101
65217	101
7084	101
8891	101
57611	111
9801	101
1436	101
160418	101
114876	111
10905	101
89777	100
4547	101
63892	101
3913	101
6627	110
23390	101
65993	101
401548	101
51635	111
23478	111
5902	111
813	101
5121	111
23225	101
28956	101
5204	101
5728	101
7813	101
5983	100
84816	101
9777	111
79571	100
51084	101
23075	101
9731	101
27068	101
102	111
10881	100
64921	101
23428	101
152579	111
57476	101
28981	101
5050	111
3752	111
81929	100
64083	111
8291	101
8986	101
1153	101
23268	101
51204	101
5337	101
7535	101
90	101
11020	101
9353	101
51014	111
440	101
81542	111
78987	111
64786	101
23198	111
6764	101
8842	101
63027	101
3912	101
3141	100
3290	101
116835	101
223	111
56898	101
9687	101
7706	101
2053	101
25932	111
4038	101
7037	111
28957	101
57060	111
8398	111
57643	101
25912	101
53407	101
54939	101
56616	101
23457	101
63982	101
26024	101
6170	101
391356	111
30818	111
55347	101
90381	101
79611	101
389941	111
57092	101
65249	101
1186	111
347734	101
79776	101
83700	111
285148	101
952	101
5730	111
83450	100
2098	111
23223	101
10715	101
5836	111
4599	101
9397	101
55040	101
722	111
10541	101
3185	101
10991	111
23277	101
10921	101
26873	101
57020	111
1595	101
8880	101
633	101
8623	111
6638	101
9367	111
8536	101
1005	101
1855	101
4625	111
3310	111
3493	111
5533	111
6533	111
6813	111
94121	111
7114	111
378	111
388341	101
131474	101
1183	111
9071	101
23033	101
2512	111
2946	101
8341	101
3321	101
30820	101
55766	101
5152	101
5519	111
5571	101
143471	101
6623	101
151963	101
54785	101
57613	101
84334	101
64283	101
10276	101
115557	101
51742	101
55130	101
40	101
171023	101
55252	101
79572	101
11041	101
57597	101
11177	101
11176	101
641	101
55589	101
23310	101
727	101
1291	101
1302	101
NA	101
9820	101
4519	101
1662	101
163259	101
55635	101
3981	101
5424	101
26098	100
133584	101
11117	101
2050	101
10945	101
9700	101
83715	101
283635	101
116151	101
2157	101
286077	101
2268	101
90167	101
22844	101
2533	100
8888	101
51301	101
112937	101
63917	101
346562	111
54856	101
25960	101
166647	101
80000	101
NA	101
2950	101
23127	101
54676	101
387751	101
94239	111
8520	101
3050	101
NA	101
3070	101
85441	101
9653	101
30811	101
84668	101
25900	101
3547	101
10320	101
79781	101
58494	101
221037	101
9851	100
57562	101
85452	101
3872	111
374454	111
27133	101
131096	101
3780	111
56479	111
3787	101
22992	101
55818	101
8284	101
63971	101
10749	101
55582	101
3801	101
55857	101
3885	101
125113	101
132884	101
3948	101
375323	101
80131	101
85444	101
84125	101
4041	101
64101	101
8425	101
541468	101
9064	101
54627	101
57506	101
255231	101
4175	101
55784	101
23389	100
4210	101
79674	101
745	101
133558	101
10943	101
8481	101
9924	111
56111	111
5178	101
8863	101
5156	101
5251	101
63895	101
114780	101
5294	101
5336	101
55624	101
63976	101
254427	100
23550	101
7837	101
57455	101
64285	101
395	101
23433	101
55183	101
6011	101
494115	111
6041	100
84172	101
22904	101
11280	101
57715	101
59343	101
57337	101
346288	111
257218	111
6493	101
NA	101
285335	101
27127	101
6525	101
56928	101
57213	101
23145	101
6776	100
55576	101
9754	100
6778	101
6793	101
56164	101
27148	101
161497	101
6836	101
441151	111
112714	101
81027	101
56165	101
122402	101
23371	101
51106	101
7038	101
84948	101
1678	111
100131451	101
54106	111
757	101
84910	101
84629	101
27327	101
7156	101
375337	101
26133	101
55128	101
7226	101
29850	101
199223	101
7322	101
29855	101
124739	101
51720	101
8633	101
7399	101
2324	101
9525	101
51542	101
146177	101
284403	101
56964	101
65267	101
9849	101
7455	101
3096	101
64397	101
25925	101
84215	101
90850	101
23060	101
152485	101
3021	110
1292	100
2023	101
151393	101
3645	101
51313	100
144195	101
728116	100
9348	100
6318	100
4157	100
8314	100
79092	100
117159	101
54901	100
1755	100
355	100
7975	100
4856	100
440915	101
342909	101
441400	101
28823	101
3503	101
23581	100
5304	101
3933	101
100312954	101
654364	101
2992	101
129138	100
7799	100
2953	111
3498	101
64146	101
3963	100
29944	100
128371	100
9401	101
196294	101
121441	101
266553	100
345079	100
64757	100
1668	110
5145	110
9875	111
27065	101
23218	101
10351	101
8736	101
4583	101
283463	101
9110	101
256957	101
1379	111
80315	100
116228	101
63967	101
27141	101
51652	101
64793	101
29965	111
113201	101
779	101
8912	101
54976	101
165257	101
79697	101
672	101
121601	101
57101	101
150709	101
259173	101
57538	101
115701	101
80216	101
84962	101
123624	101
60312	101
55803	101
58489	101
51104	111
8647	101
24	101
342346	101
642938	100
388135	100
2020	100
4618	101
9535	101
79075	100
127795	100
84171	100
338699	100
4776	100
4438	100
348110	111
149699	100
5999	100
64766	100
8350	101
10817	101
55186	101
2661	100
344387	100
53840	100
55247	100
22915	100
151887	100
55320	100
9907	100
388284	100
80851	100
23221	100
136991	100
131544	100
10622	100
599	101
3167	100
401409	110
5966	100
7083	100
143872	100
7579	100
387849	100
67694	100
25941	100
200844	100
23251	100
127703	100
25966	101
11163	101
8331	100
391634	101
26094	100
347688	101
84299	101
8342	101
57414	100
440686	101
283820	101
1282	100
23543	100
6235	101
147040	100
1277	111
6166	101
1264	101
221749	100
390637	100
8933	100
NA	100
729403	101
3324	101
345041	101
100133234	101
728139	101
392301	101
8653	101
3280	100
647000	101
642636	100
2713	101
645387	101
728380	101
113157	101
653553	101
305	101
23633	101
727826	101
388344	101
439992	101
100132547	101
643949	101
402100	101
649299	101
653162	101
284821	101
441876	101
388907	101
8368	101
100130446	101
148014	111
10044	100
253152	110
26140	100
646875	101
647285	101
197257	101
122553	111
474383	101
5715	101
728953	101
9470	101
6242	101
55190	101
440567	111
84340	111
9784	101
84084	101
388275	101
283106	100
729708	101
9391	101
646949	101
540	101
116443	101
3779	100
10242	100
5600	100
6300	100
5603	100
4318	100
4811	100
4820	100
9647	101
6531	111
23466	100
25769	111
9962	111
NA	100
3892	101
79048	110
8330	101
8926	100
3886	101
1636	101
2548	101
5236	111
8343	111
55105	100
4535	101
8360	100
26025	101
5096	111
7922	101
51170	101
6575	111
3043	101
11112	111
56925	111
80854	101
4048	111
57704	101
79137	111
5832	111
4512	101
231	111
157807	111
1063	100
7290	101
23523	100
58499	101
254048	100
55341	100
1488	101
9092	101
54623	100
79813	100
10146	101
23560	100
23211	100
93986	100
57459	101
9839	100
79577	100
51222	100
23028	101
79684	100
7546	100
29117	100
988	111
283248	100
81550	101
10498	111
23186	100
200933	101
79718	100
54793	100
6877	100
64919	100
23394	101
23314	100
1432	101
65982	100
64398	101
6874	100
9919	100
4192	100
9184	101
1856	100
27229	110
79598	100
8479	100
6942	100
29127	100
23303	101
11196	100
79443	100
100131755	101
6935	100
152206	100
79874	101
26128	101
55975	100
11078	101
9658	100
9321	111
9666	101
90102	100
9278	100
8379	101
10743	100
27342	101
57610	101
5584	101
84124	100
9759	101
23616	101
26031	100
55127	100
23216	101
55596	100
11169	100
10483	101
57556	100
867	101
131405	100
11235	101
8148	101
23517	101
10342	111
10180	100
92312	100
55833	100
8940	100
9611	100
57646	100
53335	100
56946	100
6907	100
607	100
27125	101
79872	100
8861	100
10270	100
55728	100
8841	100
8202	100
152185	100
85458	111
22794	100
23309	100
6434	101
9500	100
10933	100
51070	100
57631	100
22890	100
11335	101
53615	100
55193	101
23293	100
9753	100
22978	101
7145	101
1730	101
4163	101
83478	100
2009	101
7586	100
54468	101
8767	101
55885	100
9079	100
10534	101
126374	100
5587	101
26091	101
91754	101
55749	101
27043	101
26168	100
54881	100
6117	101
79707	100
57418	100
23195	100
114991	100
54434	101
85464	101
4775	100
23659	100
51256	101
79832	100
9747	100
2290	100
1859	100
91304	100
9856	100
4172	100
10460	100
440730	100
55809	100
23598	100
441381	100
339453	100
5027	100
6198	101
114781	100
131578	101
3700	101
22870	101
3697	110
5063	111
4839	100
65244	100
85439	101
23234	100
49854	100
29843	100
10664	100
253738	100
112939	100
9972	101
221178	101
9817	100
11083	100
1388	100
NA	100
6737	101
152503	100
57657	101
192669	101
43	111
97	101
132	101
158	111
221	100
320	101
353	111
443	101
586	111
1114	111
1158	101
1476	111
1508	111
1644	101
1967	101
1992	101
2029	111
2632	101
2712	101
2729	101
2739	111
2766	101
2935	101
2954	111
3093	101
3101	101
3145	101
3176	100
3628	101
3732	101
4232	101
4738	111
4809	101
4860	111
4898	101
5179	101
5198	101
5202	111
5331	101
5357	111
5494	101
5569	101
5583	100
5635	111
5720	101
5873	111
5887	101
6051	111
6429	101
6447	111
6723	101
6748	111
7054	101
7257	101
7323	111
7332	101
7347	101
7372	101
8338	101
8394	101
8669	101
8883	101
8996	111
9039	101
9141	101
9429	101
9677	101
9689	101
9771	101
9783	101
9879	101
10054	101
10212	101
10322	101
10325	101
10380	111
10444	101
10494	101
10670	101
10723	101
10741	101
10776	111
10827	101
11001	100
11146	101
11165	111
23279	101
23358	101
23558	101
25923	111
27430	111
28985	111
29119	101
29979	111
30833	101
51015	101
51228	111
51593	101
54039	111
54734	111
56888	111
56893	101
56954	111
57017	111
57165	101
57381	101
57510	111
58478	101
58527	101
64147	100
65009	111
79041	101
79634	111
80201	101
80262	111
84058	101
84193	111
84681	101
84717	100
84817	101
84908	111
91373	101
91782	101
92014	101
92815	110
94274	101
128240	111
145553	101
170506	101
197258	111
200916	101
282969	101
283742	101
285636	101
317772	101
345557	101
401258	100
654790	101
723790	100
NA	100
2941	111
3046	111
354	100
354	100
342574	101
NA	111
8347	101
8370	101
122970	100
8331	100
255626	101
8345	101
85236	101
8348	101
338391	101
128312	101
5501	101
NA	100
8334	100
NA	100
8669	101
NA	100
NA	100
26084	101
9787	100
3758	100
9467	100
285590	100
84889	100
64847	100
51729	100
10127	100
26146	100
83706	101
55335	101
1602	100
57590	011
3040	011
5816	011
2812	010
1349	011
2747	010
80273	011
6392	011
57458	010
27154	010
11037	010
NA	011
51155	011
23564	011
5348	011
8447	011
4504	011
448834	010
5645	011
148808	011
10134	011
24141	011
128580	010
9363	011
2022	010
92840	011
10326	011
51311	010
2081	010
83872	011
6487	010
8603	010
136332	010
10234	010
9884	010
57728	010
9060	010
84987	011
51373	011
55245	011
676	010
9329	010
3720	011
79682	010
4796	010
55689	010
29066	010
91662	010
8780	010
6469	010
51263	011
11036	010
29922	010
55274	011
91283	010
116496	011
26071	010
253982	011
650655	011
10053	011
1129	010
6572	011
1345	011
NA	011
216	011
NA	011
NA	011
NA	011
NA	011
NA	011
NA	011
NA	011
NA	011
NA	011
NA	011
NA	011
NA	011
NA	011
NA	011
NA	011
NA	011
NA	011
NA	011
NA	011
NA	011
NA	011
NA	011
1066	011
2512	011
NA	011
NA	011
NA	011
NA	011
NA	011
NA	011
NA	011
NA	011
107984640	011
NA	011
NA	011
2645	010
1803	010
594	011
116143	010
26521	011
2896	011
79714	011
8848	011
2272	011
728294	011
2395	011
25828	011
23623	010
11099	010
9512	011
883	011
51569	011
23413	011
79902	011
29928	011
2653	011
2232	011
64077	011
3959	011
64976	011
135114	011
11091	011
347051	010
79169	010
10254	010
26034	011
225689	011
30	011
2940	011
2054	011
2312	010
79869	010
118987	011
202559	010
10656	011
6331	011
54842	011
387712	010
629	010
92344	010
8568	010
29118	010
23424	010
51283	011
5930	010
23168	010
55117	011
6328	011
4925	011
25	011
2799	011
11234	010
8289	010
55296	010
54677	011
51633	011
9172	010
875	011
51547	010
26993	010
51747	011
54522	010
51752	011
11228	010
221955	011
57156	011
11214	011
83851	010
56683	010
22856	010
23207	011
60314	011
57569	010
23526	010
51112	011
6547	011
5973	011
23005	011
NA	010
10050	010
80255	010
84517	010
51473	010
56145	011
9294	010
717	010
3558	010
NA	010
5746	010
5210	010
64377	010
120071	010
51179	010
55170	010
5187	010
NA	010
83844	011
4299	010
26153	010
259282	011
90799	011
201134	011
79825	010
23379	011
146705	010
80007	010
121457	010
57821	011
55083	010
645369	010
158358	010
27063	010
144501	011
56203	011
79165	010
4147	010
135935	010
115992	010
51255	010
6405	010
7869	010
10509	011
6720	011
7005	010
83659	010
51127	010
25879	010
7504	010
57109	010
81555	011
80823	010
5427	010
10655	010
11077	010
79954	010
140886	010
79871	010
8462	010
11159	010
28991	011
4975	010
2869	011
85012	011
140606	011
NA	010
84289	010
164592	010
NA	010
284541	010
205428	010
NA	010
NA	010
NA	010
80198	010
25802	010
80157	010
168544	010
375686	010
11013	010
NA	010
NA	010
57016	011
1021	010
25780	010
57111	011
6856	011
50617	011
NA	010
5255	011
999	011
56674	011
8303	011
NA	010
89927	011
5257	011
2195	011
8294	011
9729	010
10085	011
2559	011
8969	011
11269	011
5184	011
29106	011
64097	010
581	011
5876	011
51776	011
56131	010
100652857	010
51305	010
25800	011
7745	010
5891	010
65018	010
269	010
89932	010
3931	010
151449	010
84072	010
56256	010
80326	010
780	011
3568	010
644168	010
864	010
10992	011
50509	010
64131	010
4104	010
6659	010
286828	010
3010	011
7137	010
6773	011
3937	010
55707	011
57217	010
55423	011
474170	011
374819	011
114659	011
219293	011
285849	011
26795	011
441531	011
100652748	011
100500804	011
595097	011
595098	011
595099	011
595100	011
79999	011
100874309	011
2210	011
100132417	011
100507547	011
378950	011
4018	011
677812	011
100616408	011
101060363	011
692201	011
100302138	011
100996747	011
752014	011
693221	011
767558	011
122011	011
81793	011
647135	011
653464	011
100616371	011
3250	011
7278	011
113457	011
116936	011
653857	011
6791	011
286887	011
729873	011
440434	011
100996643	011
9098	011
128954	011
1576	011
125	011
112401	011
1565	011
391003	011
653510	011
342538	011
200895	011
23519	011
51032	011
89832	011
343563	011
54809	011
100288695	011
3107	011
79966	011
139425	011
645455	011
144106	011
3047	011
80086	011
4047	011
4656	010
4668	011
475	011
51596	011
8864	011
3920	011
2938	011
100287171	011
2948	011
6237	011
150	011
9168	011
6612	011
3156	010
203100	010
8366	011
400966	011
6431	001
163175	001
5644	001
593	001
55066	001
80821	011
115548	001
24148	001
10928	001
9410	001
6626	001
6430	001
1479	001
9896	001
11101	001
8192	001
64710	001
55623	001
9718	001
160428	001
81502	001
51477	001
8729	001
55684	001
10197	001
3763	001
55005	001
8310	001
170685	001
129563	001
84861	001
4686	001
27253	001
7273	001
23350	001
132789	001
9112	001
5928	001
6635	001
6625	001
10772	001
29896	001
7307	001
9698	001
84335	011
124808	001
27436	001
4123	001
9129	001
10087	001
83549	001
54963	001
54820	001
55825	001
6385	001
114885	001
114883	001
10480	001
79709	001
93100	001
5130	001
131870	001
143	001
114884	001
51260	001
10291	001
7264	001
9213	001
272	011
84245	001
27143	001
3480	001
2091	001
51602	001
6585	001
64149	001
9061	001
23386	001
122622	001
24139	001
35	001
9427	001
7791	001
79058	001
7353	001
7408	001
8881	001
55902	001
54521	001
10300	011
283987	001
342979	001
9144	001
55858	001
6565	001
55526	001
22949	001
81932	001
54407	001
55757	001
3958	001
26273	001
57722	001
80896	001
51292	001
10425	001
3699	001
25973	001
10590	001
29952	001
2634	001
171586	001
134147	001
3437	001
54887	001
3383	001
28960	001
8572	001
5699	001
345	001
28969	001
885	011
6522	001
148641	001
10669	001
51002	001
4174	001
1676	001
1687	001
669	001
51368	001
51540	001
27122	001
10461	001
57633	001
8544	001
92335	001
3059	001
57412	001
58490	001
4771	001
57533	001
5696	001
51035	001
10454	001
183	011
51022	001
573	001
2720	011
151636	001
8971	001
9564	001
59342	001
51072	001
5954	011
7389	001
55163	001
6119	001
23473	001
4852	001
64787	001
84056	001
140775	001
55644	001
328	001
10311	001
2671	001
54431	001
3614	001
6470	001
10802	001
7485	011
27254	001
27440	001
81606	001
1346	001
55500	001
1861	001
7275	001
3572	001
26018	001
10352	001
1522	001
29925	001
112942	001
253558	011
5863	001
23274	001
397	001
202018	001
23126	001
55325	001
648791	001
6120	001
6782	001
84249	001
4753	001
60492	001
85313	001
50862	001
8804	001
84301	001
64792	001
5126	001
79956	001
64145	001
10269	001
54936	001
1192	001
79654	011
26137	001
5547	001
149951	011
2628	001
3689	001
204	001
8925	011
5471	001
64853	001
6251	001
51603	001
146206	001
831	001
125950	001
1104	001
25816	001
196527	001
9867	001
10190	001
9491	001
953	001
6652	001
10956	001
79657	001
23184	001
80335	001
318	001
83641	001
149986	001
54542	001
256586	001
92935	001
283578	001
148362	001
25996	001
4598	001
5788	001
5877	001
29105	001
25909	001
10095	011
65003	001
10257	001
22929	001
91949	001
116983	001
22875	001
219899	001
6905	001
5272	001
26092	001
83874	001
80162	001
4285	001
51764	001
10226	001
54681	001
4597	001
5111	001
55031	001
374354	001
8189	001
84321	001
54165	001
3073	011
51205	001
29894	001
81605	001
80210	001
7375	001
51380	001
55276	001
55154	001
54949	001
8727	011
220965	001
23509	001
663	001
22827	001
5796	001
150274	001
9636	001
9938	001
6834	001
5203	001
2549	001
11060	001
57531	001
10533	001
10277	001
3693	001
9252	001
2889	001
158038	001
10162	001
63935	001
10013	001
29108	001
353116	001
22934	001
26088	001
55591	001
4013	001
10000	001
5261	001
51060	001
11164	001
1121	001
55671	001
23464	001
5189	001
957	001
55768	001
88455	001
254552	001
947	011
54467	001
23600	001
23640	001
9125	001
10618	001
7536	001
5296	001
1355	001
23148	001
7432	001
65264	001
90411	001
23190	011
5412	001
8624	001
130589	001
137964	001
51095	001
56953	001
85021	001
5201	001
22818	001
29926	011
54545	001
23586	001
51251	001
9688	001
80349	011
51004	001
245812	001
9909	001
8436	001
6749	001
1827	001
51647	001
56061	001
2246	001
5774	001
3988	001
5147	001
345611	001
9416	001
79183	011
9295	001
83714	001
51253	001
22803	001
55119	001
79726	001
7150	001
56259	001
637	001
113174	001
3396	001
89953	001
60678	011
60558	001
10915	001
283377	001
64949	001
56648	001
51399	011
29086	001
81562	001
158931	001
29099	011
729438	001
65985	001
23593	001
6903	001
6821	001
112574	001
91408	001
51433	011
997	001
23456	001
7073	001
28998	001
55219	011
64708	001
10286	001
112812	001
5641	001
8021	001
9885	001
54987	001
54662	001
60559	001
5592	001
2982	001
967	001
56005	001
203054	001
27335	001
4507	001
55095	001
9197	001
32	001
11260	001
9530	001
51692	001
10553	001
51019	001
960	001
55250	001
83891	011
10946	001
4885	011
55278	001
5496	001
8985	001
7095	011
56983	001
6307	001
84328	001
29907	001
64746	001
5360	001
56915	001
4514	001
80011	001
1207	001
51510	001
57678	001
84311	001
25915	001
9750	011
64342	001
140609	011
55234	001
5763	001
5033	001
11079	001
267	001
5608	001
84272	001
51389	001
333	011
3684	001
54812	001
10099	001
80143	001
2937	001
79033	001
84920	001
53	001
7405	011
4864	001
85378	001
54878	001
22828	001
147339	001
8649	001
9604	001
84324	001
4122	001
55313	001
5824	001
9219	001
57147	001
92906	001
124540	001
157769	001
51094	001
5805	001
51451	001
246184	001
1478	001
2052	011
6780	001
57819	001
51119	011
5188	001
552900	001
145482	001
29937	001
55573	001
63874	001
9716	001
5723	001
79178	001
2289	001
23172	001
10695	001
5885	001
84693	001
2762	011
25820	001
9973	001
113146	001
54776	001
160760	001
26528	001
84498	001
10589	001
84618	011
7265	001
10245	001
8498	001
9871	001
5274	001
141	001
55108	001
836	001
7341	001
2588	001
30001	001
1113	001
6332	001
51142	001
154807	001
23173	001
5371	001
9406	001
27163	001
3052	001
1371	001
2517	001
4931	001
23192	001
51411	001
51150	001
2717	001
25939	001
22894	001
5238	001
11054	001
9577	001
3422	001
4064	001
2760	001
9843	001
133619	001
84705	001
94056	001
200186	001
60681	001
134510	001
79631	001
54997	001
51020	001
65109	001
150356	001
84706	001
25938	001
84955	001
54102	001
8721	001
2593	001
6017	001
27129	001
10501	001
79017	001
149345	011
79172	001
4125	001
2346	011
23042	001
6695	001
5303	001
252983	001
54629	001
140733	001
53938	001
64080	001
8646	001
2583	001
5947	001
26007	001
653361	001
127018	001
10066	011
389643	001
435	001
2990	001
2214	001
5229	001
6319	001
28970	001
9770	001
2015	001
221914	001
270	001
9188	001
6629	001
6891	001
6892	001
4267	001
57198	001
86	001
5777	001
23729	001
9902	001
6829	001
8857	001
57466	001
83666	001
55760	001
55191	001
4938	001
160777	001
23760	001
5018	001
5721	011
4154	001
79792	001
3683	001
79132	001
54857	001
64359	001
112849	001
84181	001
6789	001
112817	001
27332	001
283489	001
6890	001
115362	001
819	011
3068	001
84275	001
79873	001
60481	001
29780	001
83638	001
50810	001
26073	001
80301	001
92579	001
84267	001
10847	001
57707	011
135293	001
56269	001
1910	001
10783	001
92483	001
84795	001
27069	001
695	001
91703	001
254295	001
8987	001
275	001
90522	001
337876	001
54978	001
3840	001
6383	001
6732	001
5098	001
51166	001
54578	001
55057	001
578	001
29083	001
5899	011
10591	001
10360	001
338382	001
51115	001
1719	001
5698	001
51501	001
1512	001
81610	001
56952	001
27306	001
28511	001
51128	001
7409	001
2222	001
968	001
84309	001
5514	001
5351	001
383	001
1016	001
6993	001
5122	001
9152	001
554313	001
8263	001
124	001
83592	001
220	001
56172	001
163782	001
65124	001
10139	001
409	001
79415	001
51272	001
635	001
796	001
10203	001
9607	001
51287	001
1373	001
51379	001
1514	001
26099	001
55208	001
196385	001
9166	001
50848	001
152273	001
2589	001
100126572	001
94235	001
26061	001
81888	001
130026	001
25948	001
4620	011
4632	001
29895	001
4690	001
4843	001
54872	001
5373	001
64092	001
23753	001
9403	001
5265	001
50859	001
8859	001
25870	001
7077	001
345757	001
80723	011
9094	001
219333	001
84669	001
84219	001
51082	001
95681	001
80318	001
10944	001
135154	001
83642	001
84281	001
51241	001
388753	001
64897	001
203259	001
51765	001
100130890	001
83543	001
51714	001
79591	001
8882	001
1259	001
10542	001
6636	001
29072	001
10388	001
9149	001
221613	001
5137	001
90488	001
5871	001
54414	001
3151	001
10384	001
8644	001
56829	001
50855	001
333926	001
55233	001
388552	001
414149	001
26071	001
8226	001
6817	001
55330	001
79624	001
60526	011
9104	001
10457	001
4508	001
126393	001
28989	001
7512	001
3105	001
NA	001
554235	001
NA	001
NA	001
NA	001
51339	001
NA	001
4921	001
NA	001
153443	001
NA	001
NA	001
50943	001
79153	001
NA	001
NA	001
3490	001
23471	001
84063	001
54800	001
115804232	001
26524	001
3987	001
10233	001
9242	001
NA	001
NA	001
200232	001
348932	001
55816	001
NA	001
NA	001
51078	001
10959	001
NA	001
NA	001
NA	001
7498	001
440275	001
23299	001
2241	001
24145	001
57522	001
6811	001
57463	001
11338	001
79084	001
9381	011
776	001
147183	001
100188893	001
154790	011
6567	001
2986	001
50485	001
10198	001
7707	001
3675	001
29102	001
2861	001
6150	001
84961	001
659	001
57048	011
64849	001
23545	011
23166	001
587	001
54902	001
26173	001
290	001
10650	001
7268	001
8821	001
401505	001
64689	001
50999	001
2790	001
65005	001
2135	001
55898	001
2563	001
90806	001
51426	001
114798	001
80705	001
1040	001
2956	001
9862	001
6586	001
91039	001
6595	001
79590	001
91942	001
57176	001
57129	001
64975	001
92105	001
7329	001
54453	001
83986	001
23272	001
5288	001
134265	001
128853	001
56963	001
9526	001
116173	001
51026	001
778	001
2565	001
2779	001
6571	011
84159	001
219681	001
80070	001
11173	001
1289	001
6541	001
1663	001
54514	001
11056	001
1788	001
29940	001
1829	001
79767	001
91689	001
2034	001
2065	001
79675	001
2175	001
2176	001
2260	011
2348	001
80233	001
51057	001
339896	001
155038	001
26035	001
57452	001
51291	001
3105	001
212	001
22858	001
3674	001
285600	001
55196	001
85449	001
27330	001
3993	001
442721	001
79836	001
4296	001
9020	001
9665	001
4148	001
9656	001
4343	001
8714	001
10057	001
83540	001
57523	001
58505	001
146183	001
139562	001
100137049	001
79728	001
25891	001
51230	001
55367	001
130271	001
284352	001
374462	001
9400	001
51455	001
57186	001
114804	001
6098	001
51023	001
388015	001
6574	011
10051	001
92017	001
114815	001
56155	001
79613	001
8073	011
8989	001
26995	001
151613	001
57663	001
57695	001
7374	001
10813	001
23262	001
152002	001
63934	001
4607	001
56301	001
6830	001
203447	001
114548	001
152110	001
NA	001
NA	001
172	001
91807	001
4552	001
22823	001
4121	101
115361	001
84902	001
22897	001
493860	001
130940	001
255101	001
57545	001
841	001
55259	001
26005	001
79868	001
132612	001
51703	001
81926	011
101060146	001
10403	001
26574	001
7297	001
26097	001
6631	001
54958	001
79158	001
85302	001
23064	001
3158	001
10194	001
64759	001
27109	001
84231	001
64928	001
80789	001
84661	001
54995	001
10607	001
26263	001
4436	001
29093	001
202052	001
9382	001
25766	001
8854	001
51103	001
116540	001
6674	001
1841	001
126917	001
5159	001
57103	001
9894	001
57038	001
1303	001
9639	001
5476	001
10274	001
10573	001
80205	001
7913	001
60528	001
64960	001
84953	001
5935	001
64951	001
90480	001
51650	001
79677	001
94120	001
91056	001
23132	001
81794	001
79039	001
2073	001
91828	001
165186	001
NA	001
11227	001
55204	001
221393	001
2868	011
284110	001
92797	001
29911	001
1964	001
57536	001
80853	001
124602	001
3891	001
246	001
201255	001
23139	001
5243	001
5598	001
10335	001
10204	001
4536	001
57223	001
255189	001
200373	001
5190	001
23133	001
55023	001
23533	001
83483	001
5979	001
29074	001
116541	001
64968	001
54460	001
6498	001
6660	001
10735	001
9014	001
93594	001
51300	001
9874	001
80263	001
9724	001
8531	001
440590	001
4929	001
58484	001
79612	001
NA	001
4585	001
26074	001
146059	001
148870	001
84865	001
126402	001
57332	001
8846	001
662	011
7555	001
6902	001
51614	001
4482	001
1716	001
51506	001
55173	001
54557	001
57102	001
79587	001
55471	001
9673	001
131076	001
6330	001
9194	001
79734	001
81671	001
55168	001
83544	001
6001	001
10955	001
440574	001
39	001
79731	001
127700	001
411	001
221823	001
594855	001
389203	001
100507421	001
57016	001
NA	001
NA	001
NA	001
NA	001
NA	001
25819	001
NA	001
NA	001
10618	001
NA	001
3000	001
258010	001
83871	011
5925	001
203228	001
9016	001
10577	001
956	001
10166	001
10450	001
140809	001
54918	001
4539	001
10063	001
1798	001
9364	001
285598	001
8733	001
60386	001
54943	001
29995	001
85315	001
7319	001
51397	001
51375	001
400916	001
5800	001
349565	001
7390	001
6609	001
64981	001
689	001
83930	001
2339	001
10253	011
113178	011
10809	001
6399	011
23625	001
27293	001
29880	011
6901	001
665	001
55658	001
84276	001
55861	001
410	001
56270	001
51027	001
1027	001
222234	001
84105	001
51012	001
80218	001
11102	001
92482	001
401612	001
130355	001
344558	001
81790	001
729475	001
55554	001
51372	001
144535	001
7328	001
83943	001
283459	001
373	001
84061	001
5998	001
5827	001
81544	011
221079	001
1946	001
57150	001
114879	001
64755	011
10229	001
58511	001
55742	001
401207	001
2230	001
60482	011
205327	001
83440	001
162466	001
90121	001
27235	001
5437	001
254042	001
3355	001
81551	001
80834	001
79139	001
84269	001
252839	001
NA	001
2582	001
2787	001
8660	001
55795	001
348801	001
9261	001
4069	001
80153	001
5173	001
121256	001
23014	001
123606	001
57642	001
151195	011
8941	001
145173	001
407738	001
9113	001
140700	001
84893	001
54602	001
439921	001
53942	001
113730	001
134549	001
54810	001
9333	001
NA	001
2888	001
NA	001
118788	001
6446	001
388121	001
84978	001
84057	001
91574	001
57182	001
55321	011
92181	001
338811	001
222546	001
286464	001
11124	001
3249	001
56171	001
30010	001
1757	001
3998	001
6530	001
56261	001
201780	011
147965	001
55850	001
1103	001
349149	001
9180	001
84131	001
8673	001
404636	001
200185	001
6524	001
NA	001
598	001
55072	001
3594	001
90871	001
64983	001
22846	001
54455	001
50484	001
10671	001
23333	001
126119	001
389541	001
55020	001
10157	011
79064	001
23769	001
83460	001
388789	001
55773	001
51194	001
23264	001
80097	001
124641	001
255027	001
100128569	001
440957	001
84905	001
142679	001
170622	001
375307	001
152926	001
51021	001
27258	001
57721	001
79717	001
283212	001
9895	001
80183	001
10465	001
80006	011
25945	001
285521	001
374659	001
54512	001
60561	001
257068	011
80308	001
440145	001
56942	001
1955	001
200407	001
79716	001
10616	001
9681	001
NA	001
79029	001
92597	001
65990	001
10137	001
140801	001
92106	001
10184	001
114881	001
NA	001
79574	001
60490	001
119559	001
1520	001
28971	001
115416	001
3750	001
128989	001
56910	001
84545	001
93058	001
128486	001
83636	001
728489	001
56943	001
27257	001
645191	001
84988	001
8260	001
338692	001
51074	011
29945	001
51264	001
91647	001
23768	001
23130	011
160851	001
145853	001
84306	001
23508	001
4717	001
79038	001
8139	001
57192	001
84418	001
79752	001
2882	001
55178	001
56704	001
8270	001
84270	001
654429	001
51258	001
56157	001
93487	001
1353	001
80305	001
119032	001
51122	001
22845	001
57595	001
100505876	001
153339	001
23469	001
22876	001
374882	001
255919	001
9997	001
51454	001
283635	001
54344	001
222255	001
113675	001
312	001
130612	001
9409	001
8483	001
11157	001
9855	001
28972	001
55129	001
6675	001
56241	011
51763	001
63933	001
55572	001
57125	001
51642	001
84890	001
192668	001
55323	001
29103	001
57154	001
112858	001
9107	011
6602	001
11161	001
93627	001
387787	001
112483	001
643866	001
NA	001
339487	001
54968	001
375484	001
57171	001
196743	001
7092	001
9616	001
124045	001
NA	011
9882	001
10289	001
51588	001
9325	001
28977	001
23480	001
27010	001
79140	001
29883	001
78988	001
51390	001
51691	001
54926	001
6728	001
766	001
84277	001
4708	001
63931	001
51504	001
388722	001
3654	001
286257	001
84317	001
162427	001
192286	001
55052	001
26065	001
81034	001
151651	001
8905	011
10478	001
50512	001
84315	011
51249	001
83723	001
23585	001
79411	001
4943	001
26235	001
118426	001
112487	001
54951	001
84065	011
51522	001
399512	001
219402	001
150684	001
7105	001
59286	001
23632	001
124817	001
114822	001
51430	001
25904	001
6993	001
3775	001
55014	011
7172	001
23463	001
161253	001
79719	001
10280	001
977	011
51310	011
51654	001
10682	001
2258	001
81858	001
4162	001
55871	001
114757	001
51085	001
55829	001
81706	001
4795	001
26472	001
339479	001
10231	001
121278	001
94122	011
152137	001
57172	001
157567	001
10237	001
57001	001
94103	001
10011	001
51099	001
283237	001
57827	001
6992	001
10404	001
55788	001
90507	001
10667	001
115024	001
51669	001
79109	001
390916	001
255374	001
55297	001
148223	001
157657	001
4338	001
79934	001
2939	011
201626	001
10101	001
79072	001
79786	001
403313	001
414919	001
57085	001
9317	001
3765	001
8934	001
25981	001
10282	001
3717	001
54471	001
80772	001
10422	001
11019	001
8560	001
51324	001
29090	001
54675	001
116238	001
57179	001
54931	001
196500	001
140739	001
100996939	001
84696	001
11267	001
56180	001
79644	001
84320	001
79144	001
56006	001
90809	011
83475	001
222662	001
51527	001
266812	001
140838	001
54974	001
6048	001
55101	001
123263	001
83862	001
23341	001
200014	001
285613	011
64400	001
79748	001
147007	001
201191	001
284615	001
10186	001
6014	001
55793	001
29058	001
503542	001
55273	001
201965	001
NA	001
55256	001
51110	001
90416	001
83590	001
123207	001
23568	001
64172	001
54516	001
196463	001
137872	001
80775	001
87769	001
8446	001
9538	001
84522	001
80774	001
27351	001
79031	001
130617	001
154791	001
51117	001
401152	001
84326	001
54946	001
55486	001
23399	001
26136	001
79888	001
125488	001
516	001
3938	001
2342	001
8340	001
147381	001
4860	001
59084	011
4814	001
6415	001
7320	001
166	001
1381	001
7326	001
5092	001
11337	001
23557	001
199	001
6777	001
1606	001
2028	001
407	001
10941	001
5495	001
5771	001
6532	001
1800	001
175	001
157	011
2875	001
2984	001
1036	001
5770	001
5502	001
8034	001
761	001
80776	001
1962	001
567	011
1392	001
5664	001
10196	001
8312	001
1120	001
10567	001
5801	011
113444	001
339983	001
221710	001
2647	001
27242	001
55761	001
54442	001
64855	001
90624	001
201229	001
57149	001
79184	001
79133	001
497661	001
400224	001
644096	001
91289	001
147463	001
56134	001
51340	001
80790	001
6376	001
28232	001
51499	001
NA	001
NA	001
NA	001
262	001
23452	001
9776	001
153241	001
91522	001
81035	001
64784	001
51428	001
79009	001
140876	001
2209	001
388698	001
NA	001
NA	001
NA	001
284110	001
3034	001
NA	001
8355	001
10642	001
10643	001
NA	001
NA	001
NA	001
NA	001
3538	001
4176	001
57534	001
79983	001
10418	001
7051	001
85451	001
51538	001
55205	001
51333	001
126	001
102724023	001
1646	001
474384	001
3118	001
441518	001
8290	001
153743	001
220717	001
83955	001
10357	001
388799	001
645027	001
440804	001
9576	001
1812	101
1813	100
3759	100
27185	100
5970	101
1360	100
64506	100
64839	100
1196	011
113802	010
57185	011
9710	011
983	011
285641	010
23621	011
6545	011
9468	010
90933	011
NA	011
1184	011
2925	010
10687	011
374868	010
129804	010
94015	011
54432	010
114800	011
10505	011
4825	011
256987	010
56654	011
155066	011
55435	011
1621	010
11094	010
79658	011
91252	010
79161	011
64418	010
23175	011
6809	011
57189	011
50651	010
9019	011
57586	011
27040	011
90187	001
57504	001
5161	001
5929	001
4613	001
399693	001
671	001
727930	001
127255	001
79156	001
205717	001
57639	001
333932	001
55664	001
5617	001
127	001
80119	001
4703	001
341019	001
NA	001
56911	001
165055	001
54529	001
53371	001
1816	001
81850	001
1939	001
8697	011
4061	001
160335	001
22989	001
55787	001
55765	001
54552	001
51092	001
50939	001
9819	001
23351	001
26	001
840	001
339230	001
4124	001
NA	001
116534	001
11044	001
55312	001
4914	001
10631	001
387119	001
4682	001
22868	001
2733	001
6319	001
60680	001
NA	001
5775	001
55172	001
26167	001
9553	001
54815	001
255520	001
83857	001
57591	001
124935	001
203547	001
60385	001
NA	001
1124	001
57491	001
55599	001
130733	001
391123	001
64123	001
388962	001
10464	001
51332	001
9742	001
79778	001
440026	001
8623	001
84936	001
55240	001
10882	001
6579	001
27111	011
790955	001
5990	001
55906	001
NA	001
6314	001
284047	001
6610	001
8814	001
55593	001
84189	001
100272147	001
5784	001
165082	001
7221	001
9147	001
100131801	001
90639	001
55246	001
11174	001
167153	001
23432	001
9420	001
116085	001
55258	001
55905	001
3177	001
255275	001
6038	001
8906	001
25764	001
NA	001
79980	001
84898	001
5175	001
2633	001
23650	001
5886	001
27245	001
9332	001
440307	001
4761	001
50833	001
137886	001
116840	001
6752	001
51601	001
9692	001
79810	001
84993	001
647024	001
150465	001
23359	001
9857	001
54454	001
9547	001
80271	001
440138	001
163590	001
6868	001
51465	001
5264	001
3756	001
84447	001
221002	001
79863	001
55041	001
768211	001
253782	001
390598	001
51013	001
51575	001
56961	001
770	001
4242	001
90407	001
79827	001
26033	001
54819	001
83786	001
79736	001
57462	001
5782	001
121260	001
4665	001
91749	001
3430	001
80004	001
2074	001
81890	001
56159	001
3338	001
2355	001
79971	001
317762	001
345193	001
284723	001
79823	001
55702	001
22881	001
2958	001
150468	001
348174	001
727897	001
83890	001
22893	001
85014	001
NA	001
246176	001
29886	001
23774	001
140612	001
222008	001
728568	001
23418	001
51690	001
84264	001
57467	001
339559	001
8549	001
79145	001
92170	001
29947	001
26740	001
NA	001
10563	001
10472	001
4958	001
1132	001
412	001
56125	001
2814	001
25970	001
10859	001
1393	001
134	001
538	001
4281	001
661	001
4126	001
124404	001
56882	001
200942	001
85478	001
55248	001
8563	001
51225	001
56624	001
1997	001
1831	001
59341	001
643246	010
9068	001
55114	001
658	001
6046	001
805	001
55036	001
4849	001
1308	001
79982	001
30836	001
1801	001
110599564	001
9873	001
2237	001
9453	001
8344	001
8339	001
8364	001
8361	001
8362	001
9928	001
4117	001
149175	001
55013	001
4257	001
9562	001
22879	001
158747	001
122704	001
4634	001
114803	001
60560	001
54888	001
100506658	001
79627	001
255967	001
7941	001
91445	001
80031	001
5265	001
9905	001
222553	001
11074	001
158135	001
55293	001
7436	001
137492	001
54464	001
51071	010
59274	011
240	010
130399	001
140766	001
54507	001
84871	001
9474	001
245972	001
4287	001
9331	001
122616	001
81928	001
57685	001
125972	001
84960	001
146439	001
79616	001
972	001
81602	001
56990	001
220136	001
1111	001
55571	001
10898	001
8738	001
10491	001
404093	001
1593	001
1577	001
27294	001
1949	001
54583	001
441282	001
304	001
9451	001
57669	001
85465	001
23767	001
2995	001
8630	001
7190	001
3350	001
3487	001
3501	001
3134	001
28896	001
8517	001
3707	001
143879	001
283219	001
79932	001
22889	001
4023	001
9684	001
7940	001
5607	001
84206	001
10227	001
4258	001
8195	001
221938	001
101410538	001
26002	001
4541	001
122830	001
3373	001
10825	001
10725	001
8715	001
84876	001
80228	001
80025	001
51604	001
59339	001
729359	001
5355	001
8611	001
57088	001
9240	001
5564	001
5568	001
5742	001
138639	001
285282	001
6118	001
100529239	001
80230	001
6281	001
6288	001
9728	001
205564	001
6580	001
147407	001
2030	001
6518	001
1317	001
4089	001
6662	001
10558	001
57559	001
8677	001
55863	001
57583	001
8795	001
7220	001
342865	001
9889	001
79683	001
155054	001
828	001
222166	001
646817	001
51257	001
720	001
440093	001
3106	001
3673	001
6278	001
23063	001
653604	001
8352	001
8351	001
8358	001
8353	001
653604	001
8357	001
8354	001
6194	001
10842	001
9939	001
8850	001
29123	001
283149	001
56154	001
4671	001
387751	001
4036	001
159686	001
79772	001
4288	001
10721	001
29785	001
284001	001
23070	001
116535	001
23091	001
5521	001
55692	001
4784	001
1106	001
4640	001
5511	001
285782	001
3550	001
5330	001
29766	001
26064	001
6605	001
57701	001
9175	001
55227	001
23468	001
4781	001
257106	001
6729	001
91833	001
8335	001
10526	001
1019	001
8337	001
131	001
338773	001
11070	001
163882	001
79174	001
286144	001
5596	001
5597	001
51124	001
2207	001
29097	001
25849	001
285367	001
55268	001
54998	001
8395	001
100303755	001
124925	001
1414	001
346673	001
7327	001
79626	001
7347	001
1964	001
51304	001
218	001
493753	001
29956	001
138428	001
51463	001
64762	001
6646	001
26576	001
63979	001
2259	001
27128	001
100101490	001
3741	001
388323	001
79783	001
79879	001
5105	001
11199	001
162605	001
3488	001
345275	001
NA	010
NA	010
NA	010
NA	010
NA	010
NA	010
NA	010
NA	010
NA	010
NA	010
NA	010
NA	010
NA	010
NA	010
NA	010
NA	010
NA	010
NA	010
NA	010
